22
66
1 2 2 1000
1 3 16 1000
1 4 3 1000
1 5 5 1000
1 6 7 1000
1 7 12 1000
1 8 10 1000
1 9 11 1000
1 10 10 1000
1 11 11 1000
12 6 5 1000
12 8 7 1000
13 6 10 1000
13 8 6 1000
14 3 11 1000
14 6 6 1000
14 8 6 1000
14 11 6 1000
15 2 6 1000
15 3 14 1000
15 6 4 1000
15 7 8 1000
15 8 8 1000
15 11 11 1000
17 6 6 1000
17 8 5 1000
18 6 4 1000
19 2 5 1000
19 3 11 1000
19 4 0 1000
19 6 6 1000
19 7 10 1000
19 8 10 1000
19 11 6 1000
20 2 0 1000
20 3 13 1000
20 4 5 1000
20 6 5 1000
20 7 10 1000
20 8 7 1000
20 9 5 1000
20 11 7 1000
21 3 4 1000
21 6 7 1000
21 8 5 1000
12 22 1 1000
13 22 15 1000
14 22 2 1000
15 22 4 1000
16 22 6 1000
17 22 11 1000
18 22 9 1000
19 22 9 1000
20 22 9 1000
21 22 10 1000
2 12 0 1
3 13 0 1
4 14 0 1
5 15 0 1
6 16 0 1
7 17 0 1
8 18 0 1
9 19 0 1
10 20 0 1
11 21 0 1
22 1 0 1000
0
-1
-1
-1
-1
-1
-1
-1
-1
-1
-1
1
1
1
1
1
1
1
1
1
1
0
